-0.0298163
0.28611693
0.65539978
0.94369889
9.09616233
15.8247256
9.91762365
-6.06576073
-0.56193217
-0.11669726
0.8574433 
0.03203165
0.17665013
-0.28009063
-0.35524412
-0.42634373
0.3075368 
0.44642269
-0.56554141
0.12165071
0.18305198 
-0.19588751 
0.4096747 
-0.35387866
0.19531707
0.16450691
0.85271274
0.47959512
-0.25668779
-0.40588942
0.24289173
0.080403 
0.24813737
0.27204869 
0.5283817 
-0.02849643
-0.43546669
-0.51508727
0.64813044
0.58697674 
0.22453243
-0.08799049
0.12766318 
0.16485781

