1.119328508677988943e+00
6.386037333655554260e-01
9.728362240600362254e-01
1.877037407500071309e+00
1.128739266136006281e+00
8.879728712476970820e-01
7.255052500075952482e-01
1.010198045514414833e+00
1.570908287469311215e+00
1.327439317723148715e+00
1.119314390058665953e+00
1.086496090887254518e+00
1.113186351486768810e+00
6.353293539744147012e-01
7.904364918650905736e-01
3.210699105609887472e+00
1.588350920907625641e+00
1.476670083587768634e+00
7.136918515876745639e-01
-7.363835148013120335e-02
9.106591834081183556e-01
3.353783123616468353e-01
8.933521147547134333e-01
4.385861200707432683e-01
5.986912762749099226e-01
-1.035393377017505556e-01
2.190583337350785698e+00
3.045678413229035431e-01
-1.674545655429220403e-01
7.981420024642861266e-01
1.665285300707207039e+00
3.822475224227394053e-01
-3.636794552253121982e-01
9.865487385978161106e-01
5.551974997110373788e-01
6.606532326251940423e-01
1.349898221427008771e+00
0.05
0.35
0.55
0.85
12.97
9.04
5.7
4.2
0.0000
0.0500
0.2500
0.0000
0.2000
0.0200
0.0000
0.0100
0.2000
0.0000
0.0000
0.1000
0.0000
0.0000
0.0800
0.0000
0.2000
0.0000
0.0000
0.0300
0.0000
0.0000
0.0450
0.0000
0.0700
0.2500
0.8000
0.0000
0.1000
0.3000
0.7000
0.0000
0.1700
0.0000
0.1500
0.1700
