0.5518408338863493
1.0671228965739321
2.012313385001919
2.6900407413189877
2.120667668825068
1.6486511251762435
1.6853971785038433
1.4279152822462762
1.858575927051219
1.4627962572190554
1.1927581424876628
1.9653261162825724
1.672949859549553
1.0403990796475153
2.0961541047233285
3.393605584309979
1.5410717280880362
1.4727703393948084
0.9635697742708557
-0.04185665377507565
0.6645156381598026
0.04594685692863846
2.0465363337870355
1.403426761016107
0.93218348375371
0.25051135812938297
1.762489085332591
-0.00516781932090576
-0.9153315967266624
0.7559479136254048
0.897291413914154
0.7842670021942421
-0.3536098481829991
1.0806500605109515
2.0162205624910863
1.0102753313948767
1.7642887196487733
0.40002810283322127
1.6018443997316387
0.5480067476113093
1.138112756671369
2.013800152647662
-0.4703009776481603
1.8616054745390385
0.7145791671953189
1.2903177747489918