1.0046735014385306
1.569408486873503
-0.20872636391105087
-2.127944703272637
3.9492256615469077
3.4899344166272366
0.6591621499427675
0.4874596387788467
1.237536341338598
2.004544884441642
-2.6732776718583904
4.520315863537336
-3.3255528833910963
2.3139790949402808
4.542909725517756
4.82131194204136
2.344294596045395
2.520626637959231
-4.52232143266375
2.3801087395112104
6.477928419539821
-3.863447251648377
2.8765600860455636
4.9606900541069505
3.5411084755931066
-4.830841019873288
3.9076105058110078
1.144429909429572
-3.661753305395393
4.270495823402619
0.2306652543527892
-0.6813510614175479
0.6688676091449091
-5.622664211064887
-2.6350249200659674
1.0338951139810595
2.8592704923266052
0.5997911790362609
-1.678935670472533
-3.097808672241752
1.99786177504765
3.271119453180796
-0.9547326281303481
-0.22286380945851195
1.901496914583889
1.9815489024129909
