2.55200519e-02
3.89041488e-01
4.87355248e-01
6.62824440e-01
8.74518541e-01
1.84550525e+01
1.77780764e+01
1.05733387e+01
1.24949975e+01
1.28217152e+01
4.07392112e-01
-2.12890122e-01
6.64602179e-02
7.33264686e-01
1.80420283e-01
2.11373959e-01
3.01381287e-01
-6.72562333e-02
-1.42295929e-01
-1.17117370e-01
9.61352084e-02
2.96028767e-01
-1.88937407e-01
5.97676244e-02
-3.00735104e-01
1.73123580e-03
-2.11294994e-02
-2.60250750e-01
4.03573398e-01
1.25480362e-02
3.28300693e-01
-5.86882064e-01
3.03641561e-01
6.26845486e-01
2.05451533e-01
-2.53667183e-01
3.25433252e-02
-8.15102569e-02
-3.58041076e-01
-1.23872243e-01
-1.15329196e-01
5.47251671e-01
5.35131280e-01
3.25562247e-01
1.69904695e-01
-2.10212792e-01 
6.44636155e-01 
2.26107013e-01
1.89494756e-01
2.96415636e-01
6.08652353e-01
9.23045389e-02
-1.18411268e-01
5.75242803e-01
2.17745871e-01
