1.62936854e+00
3.78443470e-01
2.78281646e+00
1.44316902e+00
9.33787374e-01
1.07991421e+00
1.22869529e+00
1.77959624e+00
1.95511682e+00
1.27504911e+00
1.21763612e+00
1.45970101e+00
5.98590682e-01
5.25191150e-01
1.18227779e+00
4.26825957e+00
1.84231067e+00
1.17387552e-01
1.50332129e+00
2.11913952e-01
4.34789703e-01
1.26413482e+00 
9.90622103e-01 
1.14005166e+00
5.99825980e-01
-3.38083284e-01
3.02438230e+00
-3.26124373e-01
7.52945055e-03
8.75870972e-01
1.37478476e+00
1.19611476e+00
-1.61989617e-01
-3.52717850e-02
-5.84269679e-01
-5.09566238e-01
1.66776259e+00
2.10807468e-02
2.49658771e-01
6.08479165e-01
9.30925028e-01
1.73536943e+01
1.01455695e+01
1.06502033e+01
1.02288243e+01
1.88569607e-01
3.05538819e-01
-3.92657287e-02
-5.40093710e-02
1.34097955e-01
-2.28711272e-01
-1.11604013e-01
-2.66186158e-02
1.81204316e-01
-7.79896527e-02
-2.22943326e-01
-1.78336161e-01
-3.96941255e-02
1.46060189e-01
-4.45627678e-02
-1.37997885e-01
-5.64490383e-02
-6.87758592e-02
2.56120926e-01
2.82886153e-02
-1.90873053e-01
-1.00390437e-02
1.16294292e-01
9.51557424e-02
2.55166646e-01
2.23655319e-01
4.49038557e-01
1.90702012e-01
3.17115283e-01
2.68632358e-01
5.20686675e-01
3.04105967e-01
1.48447930e-01
2.73992412e-03
9.44213342e-02
1.15085586e-01
